# This is the contest file
# Calculate the total area and submit the result
65033,25885;64756,27333;63967,28561;62785,29382;61391,29670;48924,29670;47530,29382;46349,28561;45559,27333;45282,25885;45282,20391;45559,18942;46349,17714;47530,16894;48924,16606;61391,16606;62785,16894;63966,17714;64756,18942;65033,20391
64015,10029;46299,10029;44670,10196;43118,10686;41688,11480;40422,12558;39384,13874;38620,15360;38149,16973;37988,18666;37988,27616;38149,29309;38620,30922;39384,32408;40422,33724;41688,34802;43118,35596;44670,36086;46299,36254;64015,36254;65636,36088;67195,35596;68632,34798;69892,33724;70925,32415;71693,30922;72166,29301;72326,27616;72326,18663;72164,16971;71693,15359;70929,13873;69891,12557;68625,11479;67195,10686;65643,10196;64015,10029

112595,25828;112318,27277;111528,28505;110347,29325;108953,29613;95014,29613;95014,16551;108953,16551;110347,16838;111529,17659;112319,18887;112596,20336
111483,9972;87819,9972;87819,36191;111483,36191;113112,36024;114663,35534;116094,34740;117359,33661;118397,32346;119161,30859;119633,29247;119794,27554;119794,18607;119632,16914;119160,15302;118397,13816;117359,12501;116093,11423;114662,10629;113111,10139;111483,9972
122600,10051;123304,9289;123560,8214;123300,7146;122595,6372;121613,6088;120612,6372;119912,7142;119656,8205;119912,9281;120617,10050;121613,10334;122600,10051
120388,10448;119523,9516;119208,8205;119518,6894;120379,5978;121613,5640;122843,5978;123694,6910;124000,8224;123694,9530;122847,10452;121625,10791;120388,10448
121649,8189;121800,8171;121931,8092;122021,7786;121593,7392;121254,7392;121254,8189
120698,6932;121649,6932;122335,7125;122519,7380;122572,7694;122490,8246;122192,8548;122599,9504;122012,9504;121665,8640;121262,8640;121262,9504;120698,9504
37082,9972;25472,31848;24087,33872;21869,35501;20202,36044;18461,36195;16875,36054;15350,35584;13946,34805;12723,33748;11506,31994;-3,9978;7996,9978;17197,27183;17788,28180;18081,28381;18430,28428;18806,28377;19124,28162;19715,27183;28981,9970
83663,10029;76480,10029;76480,36248;83663,36248

# There are quite a few polygons in this file

74545,-2;77975,6561;78338,7083;79121,7631;80049,7813;81064,7607;81726,7122;82133,6520;85595,-1
40480,48017;40122,47318;39333,46914;38544,46422;38186,45463;38334,44785;38718,44351;39815,44054;40630,44167;41100,44583;40789,45001;39811,44722;39177,44883;38929,45391;39287,45972;40076,46339;40865,46868;41223,47937;41122,48576;40770,49110;40233,49438;39613,49500;38489,49204;38053,48634;38379,48215;38784,48505;39586,48795;40225,48604;40480,48017
46439,45728;46215,45012;45599,44781;44987,45012;44766,45728;44766,47863;44984,48579;45599,48810;46218,48579;46439,47863
44017,47863;44017,45728;44494,44587;45603,44118;46711,44587;47188,45728;47188,47864;46711,49005;45603,49475;44494,49005;44017,47863
58030,44136;58274,44480;58030,44847;56943,44847;56943,49241;56569,49495;56195,49241;56195,44848;55101,44848;54857,44488;55101,44136
64481,49151;64279,49359;64001,49415;63534,49151;62998,46935;62461,49151;61988,49415;61711,49361;61515,49151;60109,44396;60103,44322;60569,44007;60726,44040;60830,44168;61988,48351;62624,45726;62998,45498;63220,45545;63365,45726;64007,48351;65159,44168;65262,44040;65420,44007;65886,44322;65879,44396
70305,47588;69599,45071;68892,47588
67713,49093;67720,49027;69126,44271;69322,44062;69599,44007;69878,44062;70079,44271;71477,49027;71491,49093;71018,49415;70863,49381;70764,49254;70474,48212;68730,48212;68441,49254;68338,49383;68179,49415;67713,49093
75019,44805;75019,46551;75866,46551;76502,46353;76741,45677;76503,45001;75868,44805
74279,44363;74298,44266;74351,44185;74430,44131;74523,44114;75865,44114;77011,44435;77361,44897;77489,45611;77258,46535;76494,47063;77482,48994;77510,49104;77352,49386;77058,49500;76878,49431;76762,49272;75733,47176;75019,47176;75019,49223;74645,49477;74277,49223
81051,46425;82139,46425;82242,46457;82325,46529;82375,46628;82383,46740;82372,46849;82322,46944;82240,47012;82139,47041;81051,47041;81051,48729;83148,48729;83393,49082;83148,49420;80634,49420;80302,49166;80302,44312;80634,44058;83147,44058;83392,44396;83147,44749;81050,44749
49977,44392;50309,44138;52787,44138;53027,44477;52787,44830;50725,44830;50725,46506;51820,46506;52060,46821;52051,46929;52002,47025;51921,47092;51820,47121;50725,47121;50725,49238;50351,49492;49977,49238
